29904;1669710702;541118;1669710722;428093
29347;1669710727;066899;1669710744;826733
29711;1669710745;570285;1669710749;197172
30402;1669710749;867783;1669710755;468376
29951;1669710756;708219;1669710764;985405
29245;1669710765;693624;1669710766;565337
29081;1669710767;416002;1669710768;629148
29229;1669710769;206639;1669710772;593515
29178;1669710773;233104;1669710774;781838
29210;1669710776;278952;1669710776;617761
29200;1669710778;046445;1669710778;261442
29191;1669710779;629239;1669710779;679479
29148;1669710780;236355;1669710781;908043
29183;1669710782;528269;1669710783;387702
29226;1669710784;299341;1669710785;264793
33492;1669710786;241410;1669710787;124014
29740;1669710788;274565;1669710788;828583
27078;1669710789;513906;1669710790;412671
29386;1669710790;947104;1669710792;148244
29638;1669710792;795333;1669710794;171888
29633;1669710795;021886;1669710795;576866
29670;1669710796;424819;1669710797;087073
31232;1669710797;870826;1669710798;860501
25350;1669710799;628814;1669710800;349566
28808;1669710801;695771;1669710801;761310
27494;1669710803;030374;1669710803;144253
29836;1669710805;372182;1669710805;393623
32847;1669710806;138241;1669710807;379698
30288;1669710807;935300;1669710809;170455
30621;1669710810;470938;1669710810;952864
29911;1669710812;894936;1669710813;13691
29862;1669710813;822068;1669710816;212395
29893;1669710816;910426;1669710823;41945
29950;1669710830;216991;1669710832;912699
29942;1669710839;307205;1669710841;018406
29707;1669710843;107363;1669710851;661674
28824;1669710857;120101;1669710861;567203
28675;1669710866;176503;1669710869;563833
28605;1669710870;360329;1669710873;283936
28695;1669710876;358817;1669710876;480466
28751;1669710877;398189;1669710879;337217
28571;1669710880;348087;1669710880;653972
28748;1669710881;407389;1669710883;180135
28650;1669710893;263882;1669710893;375686
28771;1669710896;463620;1669710898;185304
28686;1669710899;077098;1669710900;659129
28602;1669710903;878116;1669710903;913467
28709;1669710907;185573;1669710911;326097
28725;1669710912;237701;1669710915;143636
28680;1669710916;212591;1669710917;291748
28682;1669710918;717029;1669710918;976331
28751;1669710920;170894;1669710920;286589
28743;1669710920;803490;1669710921;859799
28767;1669710922;468590;1669710923;624744
27720;1669710924;317139;1669710925;241516
28748;1669710926;233467;1669710926;429332
28670;1669710927;713860;1669710927;911313
28663;1669710929;272438;1669710929;326268
28568;1669710930;611696;1669710930;746625
28694;1669710931;993828;1669710932;110286
28612;1669710933;433949;1669710934;032425
28643;1669710934;739149;1669710935;730439
28636;1669710936;799427;1669710936;863281
28724;1669710937;582167;1669710937;886222
28628;1669710938;55349;1669710939;161303
28591;1669710939;824197;1669710940;307212
28765;1669710941;113797;1669710941;89593
28729;1669710943;126466;1669710943;290892
28164;1669710944;956001;1669710944;963595
28714;1669710946;384321;1669710946;557172
28564;1669710947;657061;1669710947;986615
28637;1669710949;137721;1669710949;147827
28669;1669710950;767892;1669710951;192771
28768;1669710952;616633;1669710952;663673
28597;1669710953;612496;1669710953;733970
28611;1669710954;727412;1669710954;892164
28667;1669710955;853307;1669710956;056172
28517;1669710956;907770;1669710957;401758
28708;1669710958;054152;1669710959;343998
28430;1669710960;074966;1669710960;789341
28583;1669710962;751865;1669710962;86526
29881;1669710963;840767;1669710964;140862
30306;1669710964;787468;1669710965;466083
30131;1669710966;05072;1669710967;016996
30228;1669710967;659795;1669710968;420768
30198;1669710969;117430;1669710969;708133
29897;1669710970;408035;1669710970;996055
29771;1669710971;674927;1669710972;209010
29790;1669710973;096557;1669710973;254081
29808;1669710974;236849;1669710974;563942
29718;1669710975;236619;1669710975;885031
29842;1669710976;438110;1669710976;919478
29804;1669710977;919101;1669710978;080349
29854;1669710978;681812;1669710979;278596
29828;1669710979;966770;1669710980;653841
29745;1669710981;717653;1669710981;779301
29862;1669710985;079680;1669710985;285521
29513;1669710986;230789;1669710986;542883
29765;1669710987;511080;1669710987;635838
29742;1669710988;277973;1669710988;696881
29681;1669710989;569480;1669710989;683424
29513;1669710992;083285;1669710993;301859
29653;1669710993;952200;1669710994;768681
29637;1669710995;980850;1669710996;238143
29696;1669710996;761612;1669710997;398407
29508;1669710998;04668;1669710998;904144
29566;1669710999;498494;1669711000;173528
29690;1669711000;769905;1669711001;530305
29737;1669711002;190267;1669711003;790284
29813;1669711005;884218;1669711006;158462
29816;1669711007;146922;1669711007;929689
29826;1669711008;837644;1669711009;462511
30801;1669711012;612903;1669711012;729821
29570;1669711013;382871;1669711014;039034
29704;1669711014;668091;1669711015;351718
29711;1669711016;738071;1669711016;958312
29707;1669711018;211273;1669711018;427746
29660;1669711019;491757;1669711019;608172
29777;1669711020;361516;1669711021;818019
29658;1669711023;031629;1669711025;630883
29522;1669711031;478168;1669711032;253417
29598;1669711032;939496;1669711036;684312
26130;1669711039;602227;1669711039;814321
28449;1669711041;080659;1669711041;159873
38504;1669711044;721449;1669711046;130715
29604;1669711051;827197;1669711052;174587
35480;1669711053;769223;1669711059;557138
30201;1669711061;450126;1669711066;000824
30050;1669711067;142285;1669711072;308607
29966;1669711078;794104;1669711089;961747
30312;1669711102;793907;1669711102;879448
31997;1669711118;669992;1669711119;324436
30898;1669711128;771067;1669711129;860018
31402;1669711137;080792;1669711141;725930
30326;1669711158;120366;1669711158;163123
30238;1669711165;941623;1669711167;801357
29011;1669711173;743851;1669711176;061150
29134;1669711178;954714;1669711180;244582
29761;1669711187;032845;1669711188;407101
28955;1669711202;419988;1669711204;443149
28728;1669711215;792449;1669711217;520465
28645;1669711229;975474;1669711230;347171
28765;1669711246;546027;1669711247;113888
29489;1669711265;293701;1669711265;994349
28550;1669711282;367858;1669711282;687539
28725;1669711290;119795;1669711293;566772
28691;1669711302;686172;1669711306;009767
28811;1669711307;800684;1669711309;897396
28815;1669711315;662845;1669711316;601527
28714;1669711320;838599;1669711323;027822
28627;1669711324;331061;1669711327;611392
28681;1669711332;720252;1669711333;625484
28558;1669711339;026262;1669711339;684771
28671;1669711342;791900;1669711344;341462
28707;1669711346;116338;1669711347;187541
28633;1669711350;472747;1669711352;210584
28651;1669711354;919053;1669711356;343787
28721;1669711360;814204;1669711363;075738
28656;1669711365;059182;1669711366;916719
28548;1669711369;549668;1669711371;436743
28627;1669711374;706144;1669711374;932250
31476;1669711379;734562;1669711379;743360
30034;1669711382;812535;1669711383;450605
30418;1669711386;323505;1669711388;557438
30704;1669711391;430147;1669711394;172953
31469;1669711402;768200;1669711403;652626
35062;1669711407;029366;1669711409;389026
33069;1669711412;373858;1669711412;844802
32211;1669711414;203094;1669711417;07803
33516;1669711423;102791;1669711423;220993
29855;1669711425;019680;1669711425;216184
31582;1669711426;921494;1669711427;236855
29970;1669711428;089775;1669711429;579692
30795;1669711432;059791;1669711432;331061
30126;1669711433;786324;1669711434;280514
28896;1669711436;820346;1669711436;959389
31027;1669711441;306075;1669711441;355903
31189;1669711444;224263;1669711444;230754
31916;1669711449;033684;1669711450;310202
31881;1669711454;098586;1669711454;220261
32000;1669711455;936482;1669711461;182824
32329;1669711466;379571;1669711468;947614
33151;1669711470;775949;1669711472;830760
33177;1669711477;303763;1669711477;488688
32739;1669711482;419503;1669711485;131859
32775;1669711493;530820;1669711493;947740
32373;1669711497;974210;1669711499;975098
32629;1669711502;003665;1669711504;895518
33054;1669711511;626996;1669711519;427360
33469;1669711528;307643;1669711530;515160
34492;1669711535;7069;1669711535;859529
34383;1669711540;609958;1669711546;359761
34170;1669711551;255370;1669711554;080052
33264;1669711558;760672;1669711559;034773
33221;1669711564;524480;1669711567;055096
33064;1669711576;077288;1669711576;106598
32434;1669711583;548388;1669711584;076292
33319;1669711590;943255;1669711595;621471
32910;1669711602;699912;1669711606;471065
32784;1669711614;275139;1669711615;790828
33928;1669711621;181084;1669711625;995638
29966;1669711631;157366;1669711636;514787
29894;1669711643;485294;1669711643;879816
29907;1669711648;963915;1669711652;253740
29859;1669711657;689749;1669711657;915317
29856;1669711659;903447;1669711660;086087
29830;1669711660;854189;1669711661;459854
29861;1669711663;296634;1669711665;925302
29927;1669711668;423485;1669711672;915109
35361;1669711674;204449;1669711679;890353
35002;1669711694;724127;1669711695;324840
32224;1669711700;302818;1669711701;148443
31706;1669711703;754291;1669711704;701988
31169;1669711712;100664;1669711712;154031
31073;1669711712;939782;1669711716;512469
31208;1669711721;148224;1669711723;356065
29767;1669711724;700847;1669711726;558473
29814;1669711730;060275;1669711733;947622
30721;1669711736;323096;1669711736;329065
32275;1669711738;403841;1669711738;492328
31732;1669711742;749738;1669711742;849229
31054;1669711743;519688;1669711743;796508
31084;1669711744;345963;1669711744;868452
31268;1669711745;764365;1669711745;827155
31459;1669711748;598471;1669711750;822197
31185;1669711755;150050;1669711757;092566
31257;1669711758;900640;1669711762;133883
31428;1669711766;102008;1669711768;224981
31423;1669711773;177017;1669711773;821790
30354;1669711778;310031;1669711778;591865
27245;1669711782;642431;1669711782;821882
30272;1669711784;816385;1669711784;939784
30229;1669711785;765581;1669711785;970754
30334;1669711786;882939;1669711786;898478
30293;1669711787;675896;1669711788;235774
30294;1669711789;753804;1669711789;770583
30249;1669711793;110329;1669711796;668444
30327;1669711799;629837;1669711802;445693
27237;1669711806;053711;1669711806;202786
30060;1669711810;555696;1669711810;612987
33201;1669711813;418445;1669711814;380367
30285;1669711816;508099;1669711817;695071
30297;1669711820;629284;1669711820;818274
30315;1669711822;222998;1669711822;470019
30230;1669711823;503705;1669711823;544050
30173;1669711824;589695;1669711824;594138
30103;1669711825;553478;1669711825;657519
30160;1669711826;734511;1669711826;755747
30130;1669711827;641960;1669711827;964684
30151;1669711828;775668;1669711829;129533
30106;1669711829;899816;1669711830;183496
30117;1669711831;146952;1669711831;275510
30194;1669711832;110143;1669711832;213946
30135;1669711833;070946;1669711833;219236
30146;1669711834;028245;1669711834;209158
30115;1669711835;179693;1669711835;336864
30175;1669711836;455938;1669711836;634211
30198;1669711837;897459;1669711838;333299
30118;1669711839;46788;1669711839;523349
30065;1669711840;937269;1669711841;084896
30082;1669711841;904185;1669711842;590881
30067;1669711843;212454;1669711843;995338
30075;1669711845;120591;1669711845;161097
30062;1669711846;533075;1669711846;558644
29989;1669711847;818611;1669711848;092167
30023;1669711848;739209;1669711849;062255
30125;1669711849;733708;1669711850;270723
30074;1669711851;173331;1669711851;582793
30018;1669711852;291297;1669711852;661797
30001;1669711853;704743;1669711853;936886
30110;1669711855;302458;1669711855;486352
29965;1669711857;407018;1669711857;444777
30057;1669711858;176358;1669711858;597972
30106;1669711859;160323;1669711859;671651
30057;1669711860;728891;1669711860;766008
29986;1669711861;710491;1669711861;999457
30111;1669711862;970142;1669711862;994661
30038;1669711863;963468;1669711864;111713
30058;1669711865;083654;1669711865;261497
29992;1669711866;203853;1669711866;354681
30114;1669711867;448130;1669711867;463161
30001;1669711868;567138;1669711868;572120
32033;1669711872;276612;1669711872;328027
32108;1669711873;38397;1669711873;663658
32306;1669711874;821855;1669711874;92039
32994;1669711875;631123;1669711875;901355
32814;1669711876;752737;1669711876;855354
32736;1669711878;203309;1669711878;238100
32212;1669711878;872729;1669711879;311911
32075;1669711880;399874;1669711880;433466
32184;1669711881;359957;1669711881;476030
32244;1669711882;642035;1669711882;937872
32203;1669711883;931024;1669711884;159556
32355;1669711884;912228;1669711885;195457
32110;1669711886;022346;1669711886;210381
32514;1669711887;275025;1669711887;353376
31999;1669711888;424081;1669711888;486839
32053;1669711889;363824;1669711889;501079
32309;1669711890;34444;1669711890;589073
32299;1669711891;46058;1669711891;543644
32150;1669711892;237723;1669711892;895124
32143;1669711894;673134;1669711894;684469
32285;1669711895;431564;1669711895;718616
32178;1669711896;714585;1669711896;796592
32237;1669711897;672168;1669711897;960477
32220;1669711898;84021;1669711899;012091
32331;1669711899;941326;1669711900;032727
32231;1669711900;740213;1669711900;966149
32167;1669711901;859992;1669711901;959822
32155;1669711902;504974;1669711902;941626
32158;1669711903;456025;1669711903;961197
32145;1669711905;028573;1669711905;223095
32183;1669711906;152421;1669711906;611748
32076;1669711907;422505;1669711908;014137
32119;1669711909;192468;1669711909;202921
32226;1669711910;173774;1669711910;241861
32135;1669711911;419725;1669711911;498518
32017;1669711912;230079;1669711912;508003
32203;1669711913;342304;1669711913;687625
32171;1669711914;338552;1669711914;840818
31993;1669711915;900205;1669711915;921277
32020;1669711916;70228;1669711916;947762
32350;1669711917;825744;1669711918;022362
32455;1669711919;108205;1669711919;116197
32194;1669711920;220734;1669711920;520857
32362;1669711921;656124;1669711921;767721
32188;1669711922;615152;1669711922;861603
32040;1669711923;604184;1669711923;926527
32013;1669711924;738799;1669711925;213296
32065;1669711926;002338;1669711926;284875
31993;1669711927;132207;1669711927;213142
32109;1669711928;056026;1669711928;165896
32136;1669711929;169814;1669711929;257895
32472;1669711929;999307;1669711930;310536
32247;1669711931;293727;1669711931;446865
32245;1669711932;540719;1669711932;545300
32350;1669711933;515220;1669711933;618450
32318;1669711934;650909;1669711934;739459
32155;1669711935;439665;1669711935;666235
32100;1669711936;560066;1669711936;594207
32157;1669711937;492494;1669711937;635347
32045;1669711938;444303;1669711938;631891
32179;1669711939;407413;1669711940;174082
32101;1669711940;715645;1669711941;134741
32255;1669711941;838614;1669711942;082980
32101;1669711942;953017;1669711943;045911
32275;1669711943;757818;1669711944;042526
32206;1669711945;036424;1669711945;11387
32282;1669711946;150794;1669711946;186336
32194;1669711947;084158;1669711947;186037
32137;1669711948;041300;1669711948;208351
32078;1669711948;86863;1669711949;406973
32212;1669711949;988108;1669711950;4009
32315;1669711950;953039;1669711951;367534
32277;1669711952;202406;1669711952;392473
32179;1669711953;318928;1669711953;423860
32226;1669711954;317553;1669711954;483710
32392;1669711955;429361;1669711955;509199
32262;1669711956;225766;1669711956;471193
32283;1669711957;484921;1669711957;541654
32290;1669711958;464193;1669711958;532250
32165;1669711959;393904;1669711959;464903
32114;1669711960;356187;1669711960;454432
32237;1669711961;313610;1669711961;392280
32256;1669711962;138553;1669711962;353375
32224;1669711963;231664;1669711963;5129
32267;1669711964;239995;1669711964;574225
32221;1669711965;348420;1669711965;618456
32309;1669711966;465245;1669711966;504605
32319;1669711967;388569;1669711967;463472
32251;1669711968;379715;1669711968;455240
32356;1669711969;311100;1669711969;409289
32360;1669711972;227584;1669711972;836317
32262;1669711973;790464;1669711974;040609
32111;1669711974;909085;1669711975;311317
32286;1669711976;062863;1669711976;646292
32067;1669711977;512686;1669711977;940825
32077;1669711978;961957;1669711979;542791
32177;1669711980;343890;1669711980;618489
32117;1669711981;461333;1669711981;584115
32137;1669711982;452418;1669711982;617586
32130;1669711983;702699;1669711983;718039
32036;1669711987;251228;1669711987;309283
32248;1669711988;050686;1669711988;337216
32192;1669711989;185551;1669711989;341705
32236;1669711990;283310;1669711990;479806
32198;1669711991;401589;1669711991;533254
32089;1669711992;053163;1669711992;488198
32032;1669711993;453096;1669711993;638349
32209;1669711994;572457;1669711994;691364
31963;1669711995;563433;1669711995;799394
31843;1669711996;498326;1669711996;811184
31950;1669711997;481391;1669711997;822883
32173;1669711998;602139;1669711999;023206
32292;1669712000;011102;1669712000;018602
31961;1669712001;289816;1669712001;362250
32197;1669712002;294942;1669712002;599355
32138;1669712003;395721;1669712003;721845
32231;1669712004;816976;1669712004;845486
32151;1669712005;777761;1669712005;955865
32188;1669712008;994375;1669712009;601375
32345;1669712010;566045;1669712010;613007
32428;1669712011;685248;1669712011;735144
32341;1669712012;67417;1669712012;802945
32279;1669712014;117197;1669712015;002772
32380;1669712018;586597;1669712019;862740
32435;1669712025;010724;1669712025;256806
32506;1669712026;079223;1669712026;502416
32497;1669712027;694144;1669712027;703771
32260;1669712028;798196;1669712028;883699
32513;1669712030;087067;1669712030;104639
32366;1669712034;237812;1669712034;372028
32783;1669712035;846306;1669712036;233947
32974;1669712037;317521;1669712037;828364
32917;1669712038;572270;1669712039;335429
32940;1669712041;106173;1669712041;302368
32808;1669712042;230666;1669712042;384521
32733;1669712043;061188;1669712043;519989
32762;1669712044;468332;1669712044;613148
32739;1669712045;589007;1669712045;671926
32814;1669712046;546122;1669712046;790768
32669;1669712047;530980;1669712047;907993
32707;1669712049;114219;1669712049;304959
32709;1669712050;249772;1669712050;439663
32646;1669712051;530512;1669712051;562846
32622;1669712052;327671;1669712052;572700
32715;1669712053;618096;1669712053;680062
32359;1669712054;545411;1669712055;033354
32223;1669712056;308469;1669712056;417030
32286;1669712057;736577;1669712058;047155
32508;1669712059;037968;1669712059;276914
32305;1669712060;167087;1669712060;471083
32210;1669712061;768217;1669712061;794896
32239;1669712062;909668;1669712063;097356
32159;1669712064;161239;1669712064;319954
32152;1669712068;364869;1669712068;560666
32279;1669712069;753285;1669712069;891584
32290;1669712070;859866;1669712071;408502
32028;1669712072;343186;1669712072;964736
32781;1669712076;312993;1669712076;489159
32846;1669712077;43635;1669712077;77919
32799;1669712078;849143;1669712078;951590
32758;1669712079;837576;1669712079;947129
32812;1669712080;965920;1669712081;115823
32742;1669712082;204356;1669712082;338329
32809;1669712083;195001;1669712083;350625
32895;1669712087;330875;1669712087;460887
32628;1669712088;455994;1669712088;701924
32652;1669712089;719012;1669712089;910607
32698;1669712090;775983;1669712091;561510
32767;1669712092;601050;1669712092;663372
32771;1669712093;396217;1669712093;690849
32832;1669712094;679825;1669712094;838096
32822;1669712095;638274;1669712096;070435
32938;1669712097;880619;1669712098;052385
32756;1669712099;317465;1669712099;332667
32861;1669712100;312322;1669712100;733356
32845;1669712101;747150;1669712101;970592
32923;1669712103;187394;1669712103;673656
32853;1669712104;761259;1669712104;941867
32995;1669712106;202057;1669712106;363892
33075;1669712107;667366;1669712108;247030
32895;1669712110;026482;1669712110;119990
32933;1669712111;145271;1669712111;2539
32878;1669712112;283568;1669712112;458164
33008;1669712113;717952;1669712113;848213
32861;1669712114;863120;1669712114;895034
32858;1669712116;134744;1669712116;201185
32914;1669712117;271577;1669712117;853208
32932;1669712118;822255;1669712118;952735
32952;1669712120;133490;1669712120;289186
32947;1669712121;073367;1669712121;527778
33083;1669712122;664705;1669712122;720525
33115;1669712123;778219;1669712123;836916
33027;1669712125;401831;1669712126;515649
33100;1669712127;338091;1669712127;726309
33093;1669712128;455197;1669712128;906875
33083;1669712130;026724;1669712130;105930
33102;1669712131;145716;1669712131;446216
33045;1669712132;264024;1669712132;479761
32871;1669712133;249074;1669712133;968367
32903;1669712134;693477;1669712135;292763
32224;1669712138;49233;1669712138;939060
28240;1669712139;641345;1669712139;989843
30060;1669712142;382691;1669712143;341887
30233;1669712144;892290;1669712144;938431
30492;1669712145;850740;1669712146;083958
32314;1669712146;811286;1669712147;226183
30416;1669712147;954019;1669712148;318688
29694;1669712149;078715;1669712149;514996
30036;1669712151;132525;1669712151;417233
29230;1669712152;409297;1669712152;545907
30006;1669712153;536237;1669712153;604103
30105;1669712155;445999;1669712155;545696
29978;1669712156;401401;1669712156;515192
29897;1669712157;526970;1669712157;597249
29980;1669712158;508102;1669712158;991779
30013;1669712159;957296;1669712160;159432
30112;1669712161;236971;1669712161;345338
30081;1669712162;674586;1669712162;759519
30052;1669712163;628094;1669712163;725501
30181;1669712164;555642;1669712164;632738
30127;1669712165;845317;1669712165;914186
30086;1669712166;802824;1669712167;222277
30105;1669712167;951078;1669712168;709023
30100;1669712170;074005;1669712170;277535
30123;1669712173;461966;1669712173;899779
30119;1669712175;811229;1669712175;835093
30089;1669712176;712229;1669712176;830444
30090;1669712178;024713;1669712178;134129
29979;1669712179;117400;1669712179;181411
29999;1669712180;079803;1669712180;405377
30502;1669712181;064621;1669712181;532634
29517;1669712182;625250;1669712182;641883
30274;1669712183;585049;1669712183;748652
29300;1669712184;705141;1669712184;865821
29345;1669712185;696028;1669712186;122298
29324;1669712186;813343;1669712187;083309
32455;1669712187;936787;1669712188;137503
32013;1669712189;054317;1669712189;174145
30815;1669712190;00995;1669712190;140046
34411;1669712191;114333;1669712191;272457
29974;1669712192;381616;1669712192;390812
30284;1669712193;375169;1669712193;495775
30188;1669712197;205425;1669712197;298531
30238;1669712197;982542;1669712198;262585
30226;1669712198;935137;1669712199;201949
30254;1669712199;902546;1669712200;226884
30322;1669712201;186281;1669712201;516511
30203;1669712202;171683;1669712202;727897
30428;1669712203;736211;1669712203;898999
29001;1669712205;021553;1669712205;092089
35092;1669712206;164790;1669712206;212718
37036;1669712207;324750;1669712207;431574
31692;1669712208;398603;1669712208;502742
27780;1669712209;059005;1669712209;559564
30014;1669712210;937663;1669712211;401803
29995;1669712212;210707;1669712213;010470
30071;1669712215;771418;1669712216;887962
30046;1669712217;966237;1669712218;100816
30051;1669712218;981149;1669712219;231525
30040;1669712220;075389;1669712220;270844
29998;1669712221;190623;1669712221;373589
30062;1669712222;507294;1669712222;534466
29972;1669712223;596939;1669712223;718840
30095;1669712226;764895;1669712228;084023
30061;1669712232;908135;1669712232;956075
30070;1669712233;642139;1669712234;074459
30167;1669712234;792255;1669712235;154073
29970;1669712236;197040;1669712236;326763
30024;1669712237;31688;1669712237;383890
30087;1669712238;272393;1669712238;370471
30123;1669712239;559569;1669712239;650033
30101;1669712240;684186;1669712241;017988
30093;1669712241;992309;1669712242;393555
29952;1669712243;873319;1669712244;171319
30035;1669712244;733368;1669712245;234052
30032;1669712245;825503;1669712246;240618
29988;1669712247;228504;1669712247;296585
30091;1669712248;215677;1669712248;272092
30096;1669712251;705758;1669712251;776700
29960;1669712253;172074;1669712253;273800
29974;1669712253;822064;1669712254;233426
30159;1669712254;787040;1669712255;359888
29911;1669712255;901856;1669712256;343801
29912;1669712257;307532;1669712257;495723
30023;1669712258;442315;1669712258;727356
30072;1669712259;544494;1669712259;67408
29944;1669712260;500929;1669712260;615320
30060;1669712261;466076;1669712261;780570
30017;1669712262;902834;1669712263;501975
29994;1669712264;056114;1669712264;439283
30046;1669712266;648121;1669712266;817879
29938;1669712267;728327;1669712267;783716
29893;1669712269;332367;1669712269;379726
29977;1669712269;998325;1669712271;331282
30043;1669712271;915067;1669712272;581943
29997;1669712273;383447;1669712273;716126
29983;1669712274;734050;1669712274;742822
29924;1669712275;692667;1669712275;774107
29970;1669712276;999273;1669712277;045457
29994;1669712278;117739;1669712278;226977
29929;1669712278;892501;1669712279;162225
29953;1669712279;725854;1669712280;234720
30059;1669712280;851326;1669712281;384048
29944;1669712282;407686;1669712282;422263
29857;1669712283;560338;1669712283;645729
29939;1669712284;496235;1669712284;640568
30029;1669712285;447015;1669712285;611202
29902;1669712286;570680;1669712286;593981
30002;1669712287;525570;1669712287;779141
29896;1669712288;531882;1669712288;917700
30086;1669712289;790264;1669712289;997659
29942;1669712290;762781;1669712291;066393
29881;1669712291;876786;1669712292;162520
29967;1669712293;197721;1669712293;380672
29887;1669712294;736553;1669712294;831399
29954;1669712296;004713;1669712296;013288
29886;1669712297;151327;1669712297;278824
29957;1669712298;247518;1669712298;409354
29931;1669712299;884649;1669712299;942236
29923;1669712301;759049;1669712301;838199
30009;1669712302;891829;1669712303;131368
29841;1669712304;325188;1669712304;429033
29921;1669712305;444514;1669712305;693693
29984;1669712306;760928;1669712307;003798
29867;1669712307;878655;1669712308;168552
30046;1669712309;638028;1669712309;723880
29881;1669712310;713715;1669712310;760936
29946;1669712311;832328;1669712311;997505
29921;1669712312;797191;1669712313;153363
29881;1669712314;736250;1669712314;942900
30027;1669712315;992914;1669712316;226507
29956;1669712317;11939;1669712317;575981
29898;1669712318;231508;1669712318;637428
29895;1669712319;228658;1669712319;710861
29935;1669712321;449489;1669712321;538301
29946;1669712323;180865;1669712325;090292
29865;1669712326;558951;1669712326;848428
29958;1669712328;629969;1669712328;722561
29964;1669712329;586249;1669712329;807181
29867;1669712331;194823;1669712332;077691
29930;1669712333;762047;1669712333;932528
29946;1669712336;008619;1669712336;275732
29892;1669712337;463044;1669712337;633504
29932;1669712339;074253;1669712339;294123
29940;1669712339;861903;1669712340;694513
29919;1669712341;903248;1669712342;126472
29821;1669712343;341979;1669712343;651591
29823;1669712344;630985;1669712344;943625
29914;1669712346;112564;1669712347;235303
29933;1669712348;297014;1669712348;305972
29973;1669712349;250627;1669712349;507161
30010;1669712350;534707;1669712350;630108
29988;1669712351;521667;1669712351;615461
29870;1669712352;486373;1669712352;794557
29941;1669712354;088416;1669712354;273903
30019;1669712354;885363;1669712355;391482
29942;1669712356;449987;1669712356;681482
29863;1669712357;889635;1669712357;968441
29855;1669712362;683992;1669712362;699432
29887;1669712363;647566;1669712364;369915
29877;1669712366;375368;1669712367;033632
29895;1669712367;989515;1669712368;399474
29919;1669712369;267316;1669712369;523371
29913;1669712370;386645;1669712370;486498
29854;1669712371;190131;1669712371;469421
29906;1669712372;304287;1669712372;40847
29935;1669712372;962699;1669712373;610605
29932;1669712374;287706;1669712374;885097
29788;1669712376;463967;1669712377;09305
29822;1669712379;323188;1669712379;416550
29816;1669712380;628578;1669712380;882954
29926;1669712383;167654;1669712383;297581
29954;1669712384;433468;1669712384;440149
29884;1669712385;841433;1669712386;480140
29861;1669712387;335495;1669712387;494697
29929;1669712388;512341;1669712389;365273
29822;1669712390;671775;1669712390;908231
29869;1669712391;818054;1669712391;915933
29983;1669712392;744609;1669712392;928135
29883;1669712394;263809;1669712394;287284
29865;1669712395;465908;1669712395;516412
29954;1669712396;424138;1669712396;693641
29765;1669712397;789195;1669712398;365789
29895;1669712399;338942;1669712399;768367
29968;1669712400;927012;1669712400;933612
30175;1669712404;447162;1669712404;486621
27519;1669712405;732537;1669712405;744643
28513;1669712407;311795;1669712407;399785
30214;1669712408;441735;1669712408;856338
30182;1669712409;540486;1669712409;875257
30212;1669712411;174558;1669712411;179217
30313;1669712412;097683;1669712412;284726
30173;1669712413;228639;1669712413;326137
30187;1669712414;175018;1669712414;369461
30223;1669712418;336424;1669712418;572359
30221;1669712419;608969;1669712419;659861
30207;1669712420;601914;1669712420;818301
30190;1669712421;849735;1669712421;902031
30116;1669712423;083530;1669712423;305426
30135;1669712426;015492;1669712426;320887
30240;1669712427;181432;1669712427;546980
30210;1669712428;730401;1669712428;754407
30209;1669712430;037570;1669712430;205386
30164;1669712431;151374;1669712431;303278
30170;1669712434;965726;1669712435;163628
30251;1669712441;241728;1669712441;357217
30059;1669712442;820721;1669712443;122951
30176;1669712447;276244;1669712447;373585
30105;1669712450;967225;1669712451;367699
30239;1669712452;073722;1669712452;394439
30236;1669712453;063253;1669712453;877522
30199;1669712454;760278;1669712455;174010
30235;1669712456;231116;1669712456;382485
30160;1669712457;351785;1669712457;393643
30052;1669712458;308664;1669712458;574220
30215;1669712459;466824;1669712459;765345
30142;1669712461;074944;1669712461;431379
30210;1669712462;341463;1669712462;573663
31575;1669712463;290373;1669712463;586421
32247;1669712464;417949;1669712464;546268
31914;1669712465;072462;1669712465;506783
31664;1669712466;965487;1669712466;987837
31035;1669712468;065335;1669712468;110958
31002;1669712469;056182;1669712469;367053
30871;1669712470;460191;1669712470;484818
30921;1669712471;419785;1669712471;567719
30729;1669712472;565606;1669712472;616180
30799;1669712473;825855;1669712473;862656
30861;1669712474;802957;1669712475;000847
30717;1669712475;759985;1669712476;164302
30740;1669712476;772837;1669712477;413628
30851;1669712478;461166;1669712478;515266
30848;1669712479;432461;1669712479;585005
30783;1669712480;703196;1669712480;840281
30825;1669712481;673023;1669712482;119649
30856;1669712482;963905;1669712483;327602
30911;1669712484;883433;1669712485;083797
30755;1669712486;132479;1669712486;412215
30504;1669712487;121603;1669712487;515969
30415;1669712488;238600;1669712488;517563
30545;1669712489;660068;1669712489;874180
30533;1669712493;174804;1669712493;301473
30492;1669712494;002084;1669712494;263572
30519;1669712495;257067;1669712495;311128
30524;1669712496;245821;1669712496;315504
30496;1669712497;358414;1669712497;394983
30620;1669712498;313539;1669712498;422126
30401;1669712498;971924;1669712499;785697
31608;1669712500;856097;1669712501;207120
30648;1669712504;232626;1669712505;131122
29886;1669712505;688676;1669712506;230067
29912;1669712506;807638;1669712507;762485
30027;1669712508;412310;1669712509;155740
29975;1669712509;689962;1669712510;083967
29917;1669712510;648670;1669712511;467663
29898;1669712512;529345;1669712512;575481
29872;1669712513;511704;1669712513;624961
29953;1669712514;793748;1669712514;831589
29966;1669712515;448952;1669712515;982937
29914;1669712517;000218;1669712517;225742
29905;1669712517;966310;1669712518;297839
29936;1669712518;957987;1669712519;514037
29943;1669712520;079727;1669712520;574106
29986;1669712521;668589;1669712521;706598
29908;1669712522;314774;1669712522;982466
29930;1669712523;611112;1669712524;217080
29807;1669712525;474627;1669712525;631454
29927;1669712526;912504;1669712527;256044
29896;1669712527;912739;1669712528;381409
29903;1669712529;337066;1669712529;612066
30027;1669712530;295782;1669712530;574920
30002;1669712531;414323;1669712531;447760
29866;1669712532;695363;1669712532;775513
29862;1669712533;818234;1669712533;889697
29884;1669712534;607107;1669712534;938274
29896;1669712535;590531;1669712536;016909
29781;1669712536;982546;1669712537;026128
29850;1669712538;267820;1669712538;376164
29928;1669712539;259173;1669712540;301023
29913;1669712541;017304;1669712541;540694
29825;1669712542;578656;1669712542;684187
29827;1669712543;700992;1669712543;819920
29943;1669712544;711685;1669712544;983263
29886;1669712545;974118;1669712546;024675
29852;1669712547;08361;1669712547;251638
29861;1669712548;364296;1669712548;464482
29974;1669712549;027289;1669712549;636316
29906;1669712550;303573;1669712551;014538
29857;1669712552;020543;1669712552;042225
29925;1669712553;303414;1669712553;309383
29929;1669712554;451429;1669712554;560291
29932;1669712555;251215;1669712555;558157
29914;1669712556;369129;1669712556;600914
29900;1669712557;182162;1669712557;687715
29774;1669712558;322957;1669712558;817909
29914;1669712561;959060;1669712562;233953
30038;1669712563;260785;1669712563;370396
29867;1669712564;044650;1669712564;313679
38832;1669712565;158399;1669712565;360773
21408;1669712568;027283;1669712568;469645
25218;1669712569;794877;1669712569;829664
31503;1669712573;602875;1669712573;724405
28508;1669712577;308856;1669712577;603154
34057;1669712578;430228;1669712578;675914
29175;1669712579;680582;1669712579;703941
30883;1669712583;525349;1669712583;825921
30041;1669712584;94701;1669712586;435647
30099;1669712588;377659;1669712588;922709
30058;1669712592;178498;1669712592;411524
30131;1669712593;295137;1669712593;394373
30136;1669712596;150963;1669712596;761557
29982;1669712597;340269;1669712597;946284
29984;1669712599;039468;1669712599;04407
30012;1669712599;986236;1669712600;163897
30343;1669712601;283254;1669712601;657457
30292;1669712602;557317;1669712603;000281
30355;1669712606;064349;1669712606;151831
30383;1669712607;022735;1669712607;205307
30264;1669712607;986500;1669712608;374048
30197;1669712612;012956;1669712612;398602
23581;1669712615;659233;1669712615;703075
35167;1669712616;499937;1669712617;035031
36864;1669712617;899591;1669712618;127381
35810;1669712619;016516;1669712619;209268
35097;1669712620;296440;1669712620;403017
35578;1669712621;103202;1669712621;810464
35432;1669712622;856829;1669712623;008411
35864;1669712623;97592;1669712624;053912
36475;1669712624;777353;1669712625;261249
31399;1669712626;371026;1669712626;512499
30412;1669712627;657773;1669712627;793135
31437;1669712628;772715;1669712628;883622
30014;1669712629;761222;1669712630;007836
32407;1669712632;350195;1669712632;655951
34031;1669712633;42023;1669712635;087319
25962;1669712635;73426;1669712636;803478
35601;1669712640;796757;1669712640;933606
34777;1669712641;764460;1669712642;068344
32438;1669712643;5141;1669712643;608109
31947;1669712652;328673;1669712652;551130
32084;1669712655;349253;1669712656;111964
31877;1669712657;235311;1669712657;335339
30935;1669712658;535866;1669712658;741124
31376;1669712660;274325;1669712660;301980
32008;1669712661;623908;1669712662;62558
32181;1669712663;505924;1669712664;126297
32219;1669712668;328578;1669712670;015965
30080;1669712671;342382;1669712671;43998
30433;1669712674;672588;1669712674;883056
26846;1669712675;966034;1669712676;400340
28719;1669712677;259570;1669712677;881711
30304;1669712678;874304;1669712679;208480
29735;1669712680;423587;1669712680;439641
30067;1669712681;545749;1669712681;827497
30081;1669712682;828537;1669712682;982901
29811;1669712683;992007;1669712684;423929
29945;1669712686;686545;1669712686;775761
29685;1669712688;107268;1669712688;126555
29596;1669712690;183685;1669712692;573274
30101;1669712693;725181;1669712693;854132
30032;1669712695;00518;1669712695;162659
30036;1669712696;132988;1669712696;394106
29968;1669712697;571161;1669712697;680968
30026;1669712698;849166;1669712698;881295
29933;1669712700;128398;1669712700;274351
29079;1669712701;555773;1669712701;561593
30315;1669712702;873308;1669712702;881898
30171;1669712704;109123;1669712704;295736
30146;1669712708;586619;1669712708;753110
30308;1669712710;007842;1669712710;079537
30137;1669712711;138991;1669712711;368183
30007;1669712712;269008;1669712712;503649
29979;1669712713;554606;1669712713;684649
29962;1669712715;094446;1669712715;543355
30009;1669712716;595538;1669712716;763522
30015;1669712717;842014;1669712718;012233
30011;1669712719;284180;1669712719;377597
30133;1669712720;586394;1669712720;625751
30074;1669712724;745067;1669712724;805315
30020;1669712728;399499;1669712729;949924
30106;1669712732;585893;1669712732;975036
30096;1669712734;714730;1669712735;184404
30131;1669712735;939977;1669712736;522759
30002;1669712737;674081;1669712737;936812
30128;1669712741;987562;1669712742;132337
29855;1669712743;291995;1669712743;297987
30038;1669712743;956697;1669712744;444349
29863;1669712745;076115;1669712745;497192
29718;1669712746;465656;1669712746;744854
29959;1669712747;433140;1669712747;738955
29833;1669712748;712768;1669712748;925399
29966;1669712749;848312;1669712749;926759
29981;1669712753;685721;1669712753;914527
30024;1669712754;810660;1669712754;915085
29963;1669712755;581702;1669712755;866993
29970;1669712756;860315;1669712756;871955
29967;1669712757;828219;1669712758;006494
29899;1669712758;77772;1669712759;170187
29763;1669712759;785015;1669712760;264176
29798;1669712761;333957;1669712761;410409
29787;1669712762;028392;1669712762;606705
29804;1669712763;573638;1669712763;614034
29867;1669712764;537641;1669712764;673664
29836;1669712765;526590;1669712765;640638
29819;1669712766;648934;1669712766;767055
29783;1669712767;759694;1669712767;892668
29867;1669712768;692372;1669712768;882490
29823;1669712769;996935;1669712770;158869
29851;1669712771;121077;1669712771;198133
29867;1669712772;245793;1669712772;652232
29857;1669712773;511736;1669712773;636829
29949;1669712774;638697;1669712774;717958
30015;1669712775;751523;1669712775;756471
29861;1669712779;248444;1669712779;376054
29829;1669712780;204901;1669712780;487365
29969;1669712781;483558;1669712781;542444
29905;1669712782;642133;1669712782;710819
29955;1669712783;722113;1669712783;868535
30018;1669712784;716632;1669712784;873601
29843;1669712790;769743;1669712790;965728
29912;1669712792;215756;1669712793;292116
30184;1669712796;839005;1669712797;228371
29926;1669712797;952542;1669712798;525989
30394;1669712799;731188;1669712799;785245
29924;1669712800;837586;1669712801;063686
29957;1669712802;273222;1669712802;471477
30019;1669712803;576937;1669712803;675928
29807;1669712806;909950;1669712808;146695
30400;1669712808;854197;1669712809;370249
30879;1669712811;093227;1669712811;294881
30843;1669712812;505535;1669712812;544801
31039;1669712813;305956;1669712813;776030
30861;1669712814;614365;1669712814;796564
30534;1669712815;868714;1669712815;996956
30395;1669712816;853983;1669712816;981774
30334;1669712817;97125;1669712818;089011
30320;1669712819;251262;1669712819;299704
30513;1669712821;536682;1669712821;645303
30102;1669712825;668363;1669712825;680510
30101;1669712827;379425;1669712827;450435
29903;1669712828;523311;1669712829;276435
29836;1669712830;418817;1669712830;52547
29870;1669712831;535715;1669712831;613629
29754;1669712832;690190;1669712832;789528
29864;1669712834;508626;1669712836;800352
29845;1669712847;333998;1669712848;668312
29231;1669712865;482232;1669712865;809343
29710;1669712875;364266;1669712879;246087
29975;1669712888;576017;1669712889;217019
30610;1669712892;418458;1669712903;384051
29929;1669712914;109212;1669712919;902716
29953;1669712925;642400;1669712937;959529
30860;1669712950;068423;1669712954;623063
30430;1669712970;695487;1669712970;705366
30667;1669712979;214368;1669712981;307512
30548;1669712986;438009;1669712987;859045
30534;1669712988;752893;1669712988;909374
30436;1669712989;865661;1669712990;006971
30589;1669712994;840088;1669712995;084159
38562;1669712996;091955;1669712997;249983
29561;1669712998;985647;1669712998;998155
30501;1669713000;076989;1669713000;187975
32537;1669713001;353069;1669713001;375367
32933;1669713002;182012;1669713002;458195
33703;1669713003;315867;1669713003;540628
34080;1669713004;897561;1669713004;965882
33038;1669713005;834849;1669713006;001619
32635;1669713007;137298;1669713007;171633
32550;1669713008;080255;1669713008;257088
32496;1669713009;397603;1669713009;420728
32415;1669713010;497309;1669713010;594764
30220;1669713011;468397;1669713011;596428
29338;1669713012;386920;1669713012;552622
29767;1669713013;352615;1669713013;563835
28518;1669713014;467452;1669713014;579589
31182;1669713015;288645;1669713015;88894
31364;1669713017;042331;1669713017;055049
31397;1669713017;986351;1669713018;129416
31618;1669713018;976384;1669713019;145398
31407;1669713020;263826;1669713020;398409
31521;1669713021;532606;1669713021;797665
30935;1669713022;810055;1669713022;905998
30810;1669713024;226396;1669713024;278115
30885;1669713025;187378;1669713025;387006
31064;1669713026;172361;1669713026;432234
30968;1669713027;907919;1669713028;079971
31339;1669713028;904784;1669713029;772092
31253;1669713030;938852;1669713031;006664
31417;1669713031;925310;1669713031;992447
31145;1669713035;416027;1669713035;569071
31193;1669713038;343637;1669713039;126990
31295;1669713040;211488;1669713040;256613
31386;1669713041;180707;1669713041;339212
31432;1669713042;167914;1669713042;371859
31390;1669713043;415233;1669713043;437553
31474;1669713044;400068;1669713044;545912
31574;1669713045;532943;1669713045;589264
31505;1669713046;995819;1669713047;112141
31602;1669713048;234899;1669713048;239383
31490;1669713049;166262;1669713049;312523
31457;1669713050;129301;1669713050;29502
31500;1669713053;035158;1669713053;238326
30966;1669713054;283918;1669713054;421031
30193;1669713055;270824;1669713055;359770
30303;1669713060;687129;1669713060;756016
32346;1669713061;665625;1669713061;778619
32204;1669713062;602182;1669713062;740518
32222;1669713063;591259;1669713063;716077
32236;1669713064;521137;1669713064;700151
32086;1669713065;831857;1669713065;889711
32089;1669713067;241623;1669713067;261195
32114;1669713068;220538;1669713068;393340
32258;1669713069;345612;1669713069;445276
32333;1669713070;462279;1669713070;504427
32111;1669713071;255240;1669713071;691397
32173;1669713072;252623;1669713072;666044
32129;1669713073;214558;1669713073;741549
32006;1669713074;753744;1669713074;850437
32207;1669713075;713343;1669713075;873926
32245;1669713076;851281;1669713077;149105
32127;1669713077;992077;1669713078;221286
32018;1669713079;101798;1669713079;261052
32217;1669713080;216350;1669713080;338483
32125;1669713081;149842;1669713081;320490
32107;1669713082;138361;1669713082;400819
32234;1669713083;391840;1669713083;398829
32086;1669713084;229660;1669713084;800430
32242;1669713085;794948;1669713085;841694
32114;1669713086;914536;1669713086;998546
32219;1669713087;635576;1669713088;093260
32035;1669713088;729447;1669713089;397199
32332;1669713090;589492;1669713090;664420
32130;1669713091;924162;1669713092;068482
32269;1669713092;991953;1669713093;671441
32263;1669713095;065375;1669713095;11306
32227;1669713096;189429;1669713096;450412
32388;1669713097;339449;1669713097;597729
32367;1669713098;459097;1669713098;803927
32331;1669713099;726736;1669713099;913599
32247;1669713100;979082;1669713101;075204
32375;1669713101;962684;1669713102;073992
32318;1669713102;767405;1669713103;036143
32252;1669713104;018045;1669713104;041556
32215;1669713105;006196;1669713105;297091
32166;1669713106;120978;1669713106;281269
32218;1669713106;971089;1669713107;547692
32326;1669713108;494372;1669713108;507945
32305;1669713109;297129;1669713109;624935
32129;1669713113;165547;1669713113;525453
32278;1669713114;282306;1669713114;641124
32174;1669713115;393560;1669713115;764302
32312;1669713117;129535;1669713117;250823
32168;1669713118;118777;1669713118;295205
32228;1669713119;232761;1669713119;380108
32211;1669713120;361909;1669713120;415907
32313;1669713121;152996;1669713121;431574
32310;1669713122;273721;1669713122;416268
32355;1669713123;391682;1669713123;410544
32347;1669713124;48416;1669713124;505054
32222;1669713125;4434;1669713125;504502
32298;1669713126;732204;1669713126;760281
32312;1669713127;871555;1669713127;912984
32306;1669713129;149034;1669713129;209596
32373;1669713130;267121;1669713130;345726
32142;1669713131;384448;1669713131;470006
32213;1669713132;651654;1669713132;950652
32216;1669713133;926605;1669713134;816707
32118;1669713136;171931;1669713136;193485
32183;1669713137;438596;1669713137;549107
32103;1669713138;406223;1669713138;679366
32205;1669713139;524189;1669713139;864127
32283;1669713140;662675;1669713141;104266
32241;1669713142;407786;1669713142;431454
32280;1669713143;848668;1669713143;885768
32202;1669713144;991208;1669713145;284047
32258;1669713146;416707;1669713146;488855
32270;1669713147;227581;1669713147;774900
32332;1669713148;389673;1669713148;979436
32287;1669713150;072662;1669713150;343713
32414;1669713151;353866;1669713151;840929
32468;1669713153;271819;1669713153;300569
32411;1669713154;229664;1669713154;498890
32370;1669713155;669721;1669713155;689591
32637;1669713156;805074;1669713156;926911
32552;1669713157;907068;1669713157;912342
32435;1669713158;910682;1669713159;370216
32451;1669713160;490084;1669713160;512657
32543;1669713161;767286;1669713161;795110
32416;1669713162;723197;1669713162;890114
32420;1669713164;013278;1669713164;036662
32406;1669713165;126156;1669713165;170400
32456;1669713166;252509;1669713166;329052
32273;1669713166;965660;1669713167;610932
32344;1669713168;624894;1669713168;681431
32479;1669713169;578988;1669713169;868289
32608;1669713170;918301;1669713171;936492
32485;1669713172;523862;1669713172;987695
32435;1669713174;061403;1669713174;120570
32253;1669713175;025324;1669713175;294063
32493;1669713176;297405;1669713176;323734
32354;1669713177;255817;1669713177;415110
32478;1669713178;400724;1669713178;451902
36279;1669713181;731771;1669713181;836957
30755;1669713183;018606;1669713183;080362
30807;1669713183;971761;1669713184;223756
30825;1669713184;941894;1669713185;396792
30899;1669713185;953402;1669713186;406949
30925;1669713187;128296;1669713187;553229
30942;1669713188;624099;1669713188;797089
30871;1669713189;728103;1669713189;914150
30986;1669713190;691631;1669713191;045558
30929;1669713191;715222;1669713192;228809
30918;1669713193;090171;1669713193;342236
30970;1669713194;387813;1669713194;462932
31051;1669713195;188655;1669713195;450797
32602;1669713198;681160;1669713198;750040
34167;1669713199;832084;1669713199;925454
33740;1669713201;439375;1669713201;493162
33471;1669713204;472488;1669713204;614373
34018;1669713207;809914;1669713207;990410
33170;1669713211;813675;1669713213;080953
32627;1669713214;696953;1669713214;800609
31847;1669713216;005383;1669713216;343509
32206;1669713219;501897;1669713219;914671
33630;1669713220;753314;1669713221;350943
33629;1669713223;190571;1669713223;383604
33295;1669713227;151180;1669713227;814836
33127;1669713228;514014;1669713229;592705
33115;1669713230;255820;1669713231;524629
33055;1669713232;177143;1669713232;795473
32936;1669713233;70889;1669713234;103579
32858;1669713234;725039;1669713235;362290
32683;1669713236;421557;1669713236;521836
32604;1669713237;556104;1669713237;605219
32618;1669713238;505752;1669713238;825641
32678;1669713239;490372;1669713239;845469
32697;1669713241;218447;1669713241;261043
32354;1669713242;369327;1669713242;395195
33055;1669713243;484469;1669713243;614428
32962;1669713244;260927;1669713244;876373
32773;1669713245;444441;1669713245;932419
32837;1669713246;996828;1669713247;044158
32683;1669713247;779932;1669713248;085220
32668;1669713248;903775;1669713249;125252
32542;1669713249;854657;1669713250;216440
32232;1669713250;880374;1669713251;301742
32271;1669713251;846444;1669713252;266903
32292;1669713252;920176;1669713253;326151
32322;1669713254;170825;1669713254;367879
32376;1669713255;299522;1669713255;697756
32292;1669713256;432115;1669713256;868173
32280;1669713257;851633;1669713257;933811
32304;1669713258;997383;1669713259;002473
32359;1669713260;115390;1669713260;186863
32254;1669713261;394791;1669713261;622645
32333;1669713262;721924;1669713263;219194
32248;1669713264;087707;1669713264;308098
32709;1669713265;372761;1669713265;850875
34660;1669713266;968530;1669713267;091236
32643;1669713268;469205;1669713268;783577
30882;1669713270;215169;1669713270;683081
32706;1669713271;600973;1669713271;772850
32536;1669713272;881455;1669713273;18369
32527;1669713273;870876;1669713274;320236
32642;1669713275;922904;1669713276;084918
32798;1669713279;917622;1669713280;012970
32672;1669713280;874799;1669713281;083103
32706;1669713282;156419;1669713282;213279
32898;1669713283;276274;1669713283;395244
32774;1669713284;264487;1669713284;526649
32595;1669713285;386705;1669713285;61906
32575;1669713286;802599;1669713286;981778
32683;1669713288;077901;1669713288;211915
32599;1669713289;214983;1669713289;347208
32655;1669713298;174129;1669713298;278274
30095;1669713299;269266;1669713299;340855
30336;1669713303;421925;1669713303;477547
30291;1669713306;781349;1669713307;771913
30213;1669713308;448886;1669713309;004788
30217;1669713312;385327;1669713312;704793
30256;1669713313;348014;1669713313;874066
30270;1669713317;680806;1669713317;764927
30285;1669713321;044884;1669713321;303343
30186;1669713322;160642;1669713322;449643
30225;1669713323;410704;1669713323;512273
30266;1669713324;392087;1669713324;565218
30277;1669713325;654691;1669713325;872822
30311;1669713326;774680;1669713327;249360
30190;1669713328;051089;1669713328;253783
30289;1669713329;019041;1669713329;436490
30170;1669713330;616280;1669713330;641119
30335;1669713331;88944;1669713332;283125
30290;1669713333;360409;1669713333;642734
30283;1669713334;633804;1669713334;735710
30272;1669713338;449881;1669713338;652262
30354;1669713339;727897;1669713339;820160
30381;1669713340;687094;1669713341;005444
30398;1669713341;800085;1669713342;074929
30397;1669713342;960528;1669713343;130554
30427;1669713346;465979;1669713346;605899
31166;1669713348;845865;1669713349;083374
29912;1669713350;276806;1669713350;291320
29557;1669713353;341755;1669713353;563684
29891;1669713357;664782;1669713357;708897
29505;1669713363;584874;1669713363;623324
29798;1669713366;751894;1669713366;799652
30074;1669713367;731667;1669713367;985519
30033;1669713369;010945;1669713369;189251
29581;1669713370;137812;1669713370;274254
29681;1669713371;258905;1669713371;292665
29677;1669713375;445423;1669713375;638324
29786;1669713379;566903;1669713379;842318
29817;1669713381;805168;1669713382;088080
29819;1669713385;142624;1669713385;218166
29923;1669713386;099624;1669713386;381838
29767;1669713387;704963;1669713387;731818
29968;1669713388;812524;1669713388;8887
30015;1669713389;782776;1669713390;091809
29953;1669713391;237063;1669713391;887963
29987;1669713392;840954;1669713393;078914
29929;1669713397;197506;1669713398;441365
32777;1669713399;853947;1669713399;944778
32702;1669713401;792687;1669713402;369186
32357;1669713403;870805;1669713404;689427
31422;1669713405;510905;1669713406;886807
31596;1669713408;030469;1669713408;071667
31693;1669713409;466246;1669713409;497854
31764;1669713410;822622;1669713411;570431
31688;1669713413;005766;1669713413;192921
31898;1669713415;092659;1669713415;161026
31908;1669713415;758276;1669713416;442498
31916;1669713420;001968;1669713420;406106
31829;1669713421;944455;1669713421;963625
31649;1669713426;109846;1669713426;159349
31662;1669713428;154607;1669713428;312777
31577;1669713432;020042;1669713432;325371
31317;1669713433;290775;1669713433;585727
31298;1669713434;897412;1669713434;971140
31386;1669713435;993242;1669713436;295656
31334;1669713437;288929;1669713437;978510
31416;1669713438;618928;1669713439;664159
31221;1669713441;445575;1669713441;609732
31213;1669713443;045101;1669713443;955697
30890;1669713444;810760;1669713445;092786
31132;1669713446;995639;1669713447;059892
30976;1669713448;330089;1669713448;374834
31094;1669713449;426885;1669713449;561645
30924;1669713450;390478;1669713451;530115
30811;1669713452;486935;1669713454;177822
29745;1669713455;535077;1669713455;946173
30508;1669713457;395523;1669713458;203093
30770;1669713459;020826;1669713459;633373
30549;1669713461;119959;1669713461;158851
30547;1669713462;391077;1669713462;792848
30238;1669713463;523207;1669713464;175470
30126;1669713465;905122;1669713466;444498
29961;1669713467;991995;1669713469;353599
30131;1669713474;381073;1669713474;597689
30468;1669713475;245907;1669713476;431971
30498;1669713477;561727;1669713477;863147
30582;1669713479;004992;1669713479;273411
30320;1669713480;800405;1669713480;946163
30278;1669713482;114360;1669713483;397498
30304;1669713484;157610;1669713485;015160
30314;1669713488;953890;1669713489;513595
30096;1669713491;626049;1669713492;305865
30447;1669713494;046194;1669713494;199535
30304;1669713495;362903;1669713495;940580
30266;1669713496;930951;1669713498;268684
30208;1669713500;532570;1669713500;793505
30342;1669713503;662179;1669713503;668681
31006;1669713504;897193;1669713506;769071
30117;1669713507;785614;1669713507;901729
30035;1669713514;361835;1669713514;570835
29900;1669713515;306044;1669713515;702582
29920;1669713519;001426;1669713519;116319
29927;1669713520;099680;1669713520;129249
30002;1669713521;227663;1669713521;585509
29925;1669713522;531133;1669713523;562625
29752;1669713525;393263;1669713525;500997
29934;1669713526;860894;1669713526;954323
29956;1669713531;134303;1669713531;142728
29775;1669713532;297798;1669713532;336737
29950;1669713536;126772;1669713536;385479
29888;1669713537;370344;1669713537;400472
29935;1669713538;331091;1669713538;563242
29829;1669713539;287396;1669713539;875615
29969;1669713540;596189;1669713541;436443
29941;1669713542;483577;1669713542;548844
30021;1669713543;951045;1669713543;995241
30060;1669713545;069885;1669713545;123917
29942;1669713546;001973;1669713546;167861
29778;1669713549;863069;1669713550;075481
29780;1669713551;147864;1669713551;242288
30037;1669713552;080607;1669713552;261606
29967;1669713553;399988;1669713553;730176
29906;1669713555;119274;1669713555;148639
29984;1669713556;982743;1669713557;205525
31746;1669713558;160571;1669713558;259389
35371;1669713559;128072;1669713559;506486
34420;1669713560;265173;1669713560;693224
35477;1669713562;135748;1669713562;598529
36809;1669713564;753167;1669713564;794683
35108;1669713566;481664;1669713566;538263
34816;1669713567;591234;1669713567;74512
33878;1669713568;738342;1669713568;862150
34467;1669713571;784057;1669713572;158948
35432;1669713574;157144;1669713574;437705
36248;1669713575;433848;1669713575;591830
36043;1669713579;135568;1669713579;66843
30086;1669713580;420014;1669713580;838590
30169;1669713581;871619;1669713581;890449
30202;1669713583;134925;1669713583;755495
30185;1669713584;893915;1669713585;105917
30315;1669713586;006713;1669713586;183715
30417;1669713587;123395;1669713587;234298
30229;1669713588;221119;1669713588;233457
30090;1669713589;195229;1669713589;408092
30189;1669713590;541102;1669713591;462958
30719;1669713592;376628;1669713593;797392
30941;1669713595;150136;1669713595;668594
30685;1669713597;338524;1669713597;371201
30703;1669713598;300153;1669713598;467811
30745;1669713599;59658;1669713599;691733
30162;1669713600;288839;1669713600;842177
30587;1669713601;812685;1669713601;87771
30485;1669713603;105166;1669713603;175305
30408;1669713604;215386;1669713604;379695
30520;1669713605;196703;1669713605;371935
30473;1669713606;311043;1669713606;521432
30325;1669713607;174926;1669713607;653963
30543;1669713608;703776;1669713608;797412
30378;1669713609;840187;1669713609;871492
29996;1669713611;424375;1669713611;596843
30279;1669713613;008924;1669713613;165554
30258;1669713616;694989;1669713616;819097
30318;1669713617;976770;1669713618;252807
30312;1669713619;247185;1669713619;6487
30371;1669713620;547754;1669713620;967493
30199;1669713621;832556;1669713622;137079
30240;1669713623;111760;1669713623;336032
30312;1669713624;697512;1669713624;952817
30240;1669713625;804351;1669713626;043669
30146;1669713627;081963;1669713627;163782
30855;1669713628;037476;1669713628;500531
30009;1669713629;528151;1669713629;653974
30301;1669713630;624711;1669713630;668959
30625;1669713631;715671;1669713631;759873
30782;1669713633;038964;1669713633;200967
30727;1669713633;976761;1669713634;792573
30209;1669713635;885659;1669713636;047773
30201;1669713637;155912;1669713637;275888
30142;1669713638;294231;1669713638;522174
30213;1669713639;903960;1669713640;009992
29250;1669713640;607036;1669713641;116290
30332;1669713643;558457;1669713643;651598
30260;1669713644;673019;1669713644;850101
30192;1669713645;950984;1669713646;113515
30199;1669713646;908417;1669713647;022825
30189;1669713647;886564;1669713648;153353
30290;1669713648;852727;1669713649;133813
30216;1669713650;147446;1669713651;454929
30169;1669713652;216092;1669713652;537284
30302;1669713653;336379;1669713653;740179
30020;1669713655;724534;1669713655;989355
30197;1669713657;971807;1669713658;393572
30137;1669713660;045657;1669713660;537658
30208;1669713662;922217;1669713663;074881
30041;1669713664;496975;1669713664;586609
30267;1669713665;651921;1669713665;711697
30293;1669713666;733935;1669713666;805584
30337;1669713667;699422;1669713668;104524
30298;1669713668;837208;1669713669;261138
30104;1669713669;963679;1669713670;299789
30025;1669713671;397264;1669713671;415058
30290;1669713672;702524;1669713672;925725
30239;1669713673;935163;1669713674;149723
30168;1669713675;210951;1669713675;336614
29891;1669713676;171223;1669713676;734174
30185;1669713677;806586;1669713678;619621
30263;1669713679;707549;1669713679;724916
30178;1669713680;807945;1669713680;825629
30299;1669713681;791701;1669713681;914490
29929;1669713683;240019;1669713683;25325
30107;1669713685;461996;1669713685;655013
30117;1669713687;045081;1669713687;194103
30149;1669713688;033115;1669713688;214735
30285;1669713689;315448;1669713689;402284
30159;1669713690;433418;1669713690;474604
29783;1669713691;733373;1669713691;789159
29848;1669713693;161913;1669713693;295716
29783;1669713694;265528;1669713694;393000
29879;1669713695;198251;1669713695;450049
29912;1669713696;165511;1669713696;587412
29883;1669713697;199791;1669713697;673933
29855;1669713698;723808;1669713698;884537
29939;1669713699;676104;1669713699;886774
29906;1669713700;955691;1669713701;023099
29717;1669713701;922660;1669713702;175643
29722;1669713703;837094;1669713703;841577
29843;1669713704;792333;1669713704;874236
29877;1669713706;092976;1669713706;271225
29996;1669713707;250456;1669713707;583016
29889;1669713708;817409;1669713708;859884
29691;1669713711;692269;1669713713;693240
29836;1669713714;866883;1669713714;94825
29888;1669713715;827428;1669713716;046092
29938;1669713717;113977;1669713717;126004
29871;1669713718;247184;1669713718;387976
29898;1669713719;362495;1669713719;526689
29891;1669713720;673954;1669713720;928200
29954;1669713721;764442;1669713722;352813
29848;1669713723;027234;1669713723;649093
29898;1669713724;225419;1669713724;724957
29703;1669713725;746574;1669713725;822290
29831;1669713726;727796;1669713726;934490
29935;1669713728;006631;1669713728;033762
29900;1669713729;132276;1669713729;535746
29718;1669713732;952407;1669713733;253247
29918;1669713736;948431;1669713736;983450
30154;1669713737;935651;1669713738;126858
30142;1669713739;703344;1669713739;716589
30067;1669713741;105098;1669713741;173588
30053;1669713742;245221;1669713742;363764
30185;1669713743;178085;1669713743;636470
30095;1669713744;803131;1669713744;840978
30149;1669713745;489865;1669713745;861795
30193;1669713746;446436;1669713746;908707
30175;1669713747;972974;1669713748;057185
30090;1669713748;929486;1669713749;177219
30204;1669713750;213736;1669713750;765030
29890;1669713752;037273;1669713752;170433
29647;1669713752;997145;1669713754;284663
29875;1669713755;493538;1669713755;503194
29566;1669713756;151639;1669713756;576430
29878;1669713757;566340;1669713757;594301
29260;1669713758;542653;1669713758;737772
29828;1669713762;38493;1669713762;479900
29912;1669713763;162292;1669713763;750284
29850;1669713765;402043;1669713765;409878
29979;1669713767;046180;1669713767;067163
29829;1669713767;988545;1669713768;612752
29833;1669713769;556013;1669713769;702236
29794;1669713771;107877;1669713771;449068
29822;1669713772;796655;1669713772;858808
29884;1669713773;906170;1669713773;954333
29891;1669713774;992007;1669713775;102028
29954;1669713775;956203;1669713776;196606
29886;1669713776;914387;1669713777;359026
29800;1669713777;955768;1669713778;432467
29823;1669713779;477568;1669713779;560091
29916;1669713780;913332;1669713781;244958
29780;1669713781;897036;1669713782;260047
29794;1669713782;907868;1669713783;675561
29859;1669713784;747863;1669713784;756324
29858;1669713785;719106;1669713785;902065
29860;1669713786;852426;1669713786;959517
29909;1669713787;647546;1669713787;928606
29794;1669713788;904323;1669713788;952304
29956;1669713789;886501;1669713790;052050
29916;1669713790;831603;1669713791;264936
29763;1669713791;951682;1669713792;303323
27584;1669713792;991899;1669713793;644267
29542;1669713794;266533;1669713794;685492
29915;1669713795;223757;1669713795;637575
29590;1669713796;181451;1669713796;591372
29588;1669713797;140002;1669713797;582564
29750;1669713798;663958;1669713798;701205
29193;1669713799;785595;1669713799;863991
29754;1669713800;905062;1669713801;216708
29772;1669713801;778872;1669713802;354587
29613;1669713802;948074;1669713803;451023
29210;1669713804;265973;1669713804;552341
29322;1669713805;536444;1669713805;989110
29666;1669713806;863903;1669713807;393195
29782;1669713808;016321;1669713808;420674
29829;1669713809;256816;1669713809;526533
29729;1669713810;83742;1669713810;917255
29710;1669713811;565719;1669713812;164885
29776;1669713813;370352;1669713813;378294
29738;1669713814;651880;1669713814;683912
29689;1669713815;979813;1669713816;001552
29786;1669713817;051859;1669713817;142483
29809;1669713818;011268;1669713818;263491
29486;1669713818;968935;1669713819;358280
29672;1669713820;117187;1669713820;543630
29330;1669713821;846926;1669713822;021695
29637;1669713822;809066;1669713823;094136
29748;1669713823;765688;1669713824;105343
29726;1669713827;471339;1669713827;511609
29713;1669713828;72307;1669713828;742891
29453;1669713832;895425;1669713833;173765
29670;1669713834;158871;1669713834;171766
29706;1669713835;128135;1669713835;673993
29699;1669713836;409407;1669713836;788983
29763;1669713838;642797;1669713838;705535
29783;1669713839;754055;1669713839;851382
29741;1669713840;715238;1669713840;947481
29605;1669713841;995865;1669713842;047935
29786;1669713843;647951;1669713843;809229
29725;1669713844;892798;1669713844;963734
29796;1669713845;991309;1669713846;089933
29694;1669713847;290768;1669713847;559933
29776;1669713848;395372;1669713848;678585
29717;1669713849;535461;1669713849;738534
29791;1669713850;817582;1669713850;826646
29749;1669713851;970205;1669713852;012198
29740;1669713853;220558;1669713853;542265
29612;1669713854;652679;1669713854;792973
29660;1669713856;291498;1669713856;443724
29761;1669713857;532487;1669713857;621297
29728;1669713860;410041;1669713861;122296
29723;1669713861;754512;1669713862;303528
29683;1669713863;647954;1669713864;198583
29564;1669713865;059887;1669713865;607125
29589;1669713866;643060;1669713866;649839
29662;1669713867;606010;1669713867;679435
29700;1669713868;303702;1669713868;715171
29167;1669713869;259231;1669713870;103064
29654;1669713870;702114;1669713871;191641
29713;1669713871;824971;1669713873;167273
29732;1669713873;909060;1669713874;690686
29588;1669713875;506193;1669713876;16033
29778;1669713876;801224;1669713878;841358
29814;1669713880;568620;1669713880;778177
29675;1669713881;422323;1669713882;262938
29845;1669713882;858555;1669713883;414922
29563;1669713884;077360;1669713884;482832
29641;1669713885;193997;1669713885;504134
29771;1669713886;111673;1669713887;444845
29691;1669713888;129256;1669713888;655919
29760;1669713889;365830;1669713889;897370
29696;1669713891;589535;1669713891;803824
29643;1669713893;031372;1669713893;063273
29693;1669713893;988447;1669713894;157563
29736;1669713894;688227;1669713895;177332
29693;1669713895;816629;1669713896;668871
29717;1669713897;245958;1669713897;751944
29644;1669713898;36496;1669713898;825411
29714;1669713899;924999;1669713900;054899
29625;1669713900;600449;1669713901;340588
29718;1669713901;882215;1669713902;528227
29832;1669713903;584955;1669713903;878219
29777;1669713904;864543;1669713904;943670
29548;1669713906;171869;1669713906;311767
37272;1669713907;173514;1669713907;991727
36432;1669713908;775730;1669713909;349579
34980;1669713910;136427;1669713910;608523
35429;1669713911;259869;1669713911;779229
35599;1669713912;556992;1669713913;359790
35543;1669713914;141104;1669713914;719197
35451;1669713915;416903;1669713915;918905
35472;1669713916;701781;1669713917;392248
35438;1669713918;133303;1669713918;604916
35371;1669713919;411481;1669713919;785186
35024;1669713920;857854;1669713921;451975
34586;1669713922;487573;1669713923;839543
35198;1669713925;030961;1669713925;955205
35262;1669713926;932704;1669713927;114750
34994;1669713928;227185;1669713928;866501
35278;1669713930;315776;1669713931;048546
35002;1669713932;066886;1669713933;135291
34448;1669713934;613694;1669713935;17359
35000;1669713936;210491;1669713936;363350
35402;1669713937;500821;1669713937;748317
34868;1669713938;772575;1669713938;846475
34489;1669713940;044385;1669713940;137899
34406;1669713941;320786;1669713941;361054
35201;1669713942;968370;1669713943;595564
34905;1669713944;518719;1669713944;823019
34978;1669713945;800599;1669713945;993158
34772;1669713946;917307;1669713947;206026
34983;1669713948;207915;1669713948;357747
34952;1669713949;486506;1669713949;778661
34782;1669713951;245102;1669713951;515312
35087;1669713952;536939;1669713953;355081
34936;1669713954;020183;1669713954;588123
34090;1669713955;141785;1669713956;528239
35018;1669713957;231713;1669713958;010857
35271;1669713958;648717;1669713959;273741
35264;1669713959;932019;1669713960;942327
35096;1669713961;554537;1669713962;358176
34444;1669713962;966198;1669713963;507182
35078;1669713964;086272;1669713964;667433
34662;1669713965;208605;1669713965;738425
34836;1669713966;326347;1669713967;014465
33351;1669713967;612134;1669713968;243110
33266;1669713972;667935;1669713973;019163
35208;1669713973;785897;1669713974;383819
35236;1669713975;061126;1669713975;532966
34580;1669713976;353570;1669713976;565998
35186;1669713977;462158;1669713977;816108
35171;1669713978;767261;1669713979;502158
33939;1669713980;498877;1669713980;620346
34601;1669713981;619097;1669713981;690572
35403;1669713982;736692;1669713982;80412
35433;1669713983;854664;1669713984;007365
35203;1669713985;14271;1669713985;279638
35253;1669713986;107115;1669713986;376080
35391;1669713987;212656;1669713987;475131
35165;1669713988;332849;1669713988;589683
35421;1669713989;774399;1669713989;805648
35203;1669713990;472805;1669713991;020617
35504;1669713991;592844;1669713992;243013
34726;1669713993;482818;1669713993;491319
34405;1669713994;566739;1669713994;642834
33849;1669713995;691129;1669713995;825231
34889;1669713996;806911;1669713996;901372
35029;1669713997;930323;1669713998;036442
35080;1669713999;689610;1669713999;768463
34782;1669714003;048327;1669714003;374116
35298;1669714004;164561;1669714004;376000
35285;1669714005;485201;1669714005;910443
35395;1669714006;728522;1669714006;992395
35010;1669714008;167693;1669714008;761667
31883;1669714009;775391;1669714009;996656
34723;1669714011;203466;1669714011;590782
34944;1669714012;323750;1669714012;820349
34886;1669714013;503721;1669714014;986528
27810;1669714015;587807;1669714016;204567
26502;1669714016;870309;1669714017;518417
29587;1669714018;143844;1669714019;156648
30330;1669714019;736953;1669714020;383833
30498;1669714021;023855;1669714024;247429
30176;1669714024;863887;1669714025;454446
29783;1669714026;396162;1669714026;754009
30137;1669714027;678389;1669714028;005503
30112;1669714029;279984;1669714029;949450
30115;1669714030;623612;1669714031;379579
30100;1669714032;065477;1669714033;001842
30244;1669714033;664768;1669714034;896784
30189;1669714035;926812;1669714036;713058
30030;1669714038;083408;1669714038;171841
30065;1669714038;777836;1669714039;519302
30125;1669714041;431677;1669714043;697224
30153;1669714044;374996;1669714044;860840
30171;1669714047;823941;1669714049;283151
30133;1669714049;966659;1669714050;386214
30305;1669714050;921958;1669714051;385695
30280;1669714052;137470;1669714052;518306
30282;1669714053;259154;1669714053;652484
30100;1669714054;376795;1669714054;724349
29937;1669714055;495441;1669714056;107704
30194;1669714056;686806;1669714059;764340
30123;1669714060;367935;1669714061;031547
30107;1669714061;638706;1669714062;187420
30084;1669714062;783277;1669714063;288247
30167;1669714063;882248;1669714064;469964
30044;1669714065;156708;1669714065;570808
30200;1669714066;685804;1669714066;741337
29972;1669714067;389566;1669714067;855764
30169;1669714070;792591;1669714072;457811
30068;1669714073;151090;1669714073;589883
30099;1669714074;683489;1669714074;75074
29901;1669714075;385965;1669714075;944957
30073;1669714076;512965;1669714076;993105
30137;1669714077;632343;1669714078;534514
30070;1669714079;811943;1669714080;019115
30246;1669714083;231843;1669714083;971610
30069;1669714084;774688;1669714086;077412
30044;1669714088;821343;1669714089;587937
29856;1669714090;259819;1669714090;860865
30018;1669714091;541602;1669714092;207859
30018;1669714092;912983;1669714093;293188
30082;1669714094;035444;1669714094;418027
30082;1669714095;150352;1669714095;498340
30027;1669714096;511326;1669714096;816659
29641;1669714097;460521;1669714100;078627
30215;1669714101;078968;1669714101;645597
30172;1669714102;266915;1669714102;912108
30174;1669714103;532667;1669714103;962340
30121;1669714104;915188;1669714105;321945
30218;1669714109;068321;1669714109;210801
30149;1669714110;481315;1669714110;570515
30103;1669714111;794191;1669714111;828302
30150;1669714112;490323;1669714113;048855
29754;1669714113;610205;1669714114;106288
29980;1669714114;728006;1669714115;125187
30065;1669714115;690783;1669714116;115923
30069;1669714116;804313;1669714117;164992
30110;1669714117;765288;1669714118;466498
30158;1669714121;605939;1669714122;512821
30263;1669714125;160417;1669714125;756387
30203;1669714126;400573;1669714127;050915
30165;1669714127;782764;1669714128;342307
30243;1669714131;194357;1669714131;812677
30264;1669714132;569138;1669714133;021081
30258;1669714133;598567;1669714134;146677
30256;1669714134;724905;1669714135;419518
30128;1669714136;426622;1669714136;474132
30180;1669714137;366092;1669714137;523288
30200;1669714138;092676;1669714139;105608
30206;1669714139;675755;1669714140;565769
30276;1669714143;126656;1669714143;680086
30273;1669714144;321264;1669714144;996552
30338;1669714149;210577;1669714149;568327
29691;1669714150;477888;1669714150;804713
29413;1669714151;921816;1669714151;963991
29589;1669714152;898414;1669714153;183119
28741;1669714154;154238;1669714154;176916
30061;1669714154;705263;1669714155;326223
32466;1669714156;030504;1669714156;623125
32361;1669714157;266532;1669714157;854853
32273;1669714159;440147;1669714159;525024
32191;1669714161;122456;1669714161;241297
32167;1669714161;905963;1669714162;551507
31956;1669714163;182354;1669714164;184999
31974;1669714165;351931;1669714165;424892
31865;1669714166;060665;1669714166;641925
32092;1669714167;749162;1669714167;859957
32102;1669714168;51369;1669714169;464048
31946;1669714170;073134;1669714170;843002
32042;1669714171;494015;1669714172;013527
31860;1669714172;61857;1669714173;196144
31999;1669714176;234216;1669714177;349808
31815;1669714177;893422;1669714178;691508
31938;1669714179;343032;1669714179;986150
32142;1669714180;615575;1669714183;770241
30386;1669714184;879451;1669714184;946858
30182;1669714186;151951;1669714186;282676
30062;1669714187;584618;1669714187;654666
30234;1669714188;332547;1669714189;527004
30126;1669714190;203218;1669714191;731908
30219;1669714192;701453;1669714193;060373
30226;1669714194;298108;1669714194;684400
30147;1669714196;066284;1669714196;524348
30321;1669714197;659225;1669714197;791192
30278;1669714201;215285;1669714203;117157
31180;1669714207;793960;1669714208;447142
32251;1669714210;537140;1669714210;552291
31482;1669714211;154296;1669714211;746225
32353;1669714212;466274;1669714213;109499
30658;1669714213;804170;1669714214;471209
31841;1669714215;572371;1669714215;807396
31441;1669714217;000951;1669714217;102724
31497;1669714218;454228;1669714218;562205
32027;1669714219;720118;1669714219;973329
31386;1669714221;187871;1669714221;874218
31349;1669714223;459013;1669714223;682171
31634;1669714225;007491;1669714226;008006
31608;1669714226;722966;1669714227;932837
31580;1669714229;326623;1669714229;468304
31728;1669714230;023877;1669714230;723297
31676;1669714231;304781;1669714232;297720
31146;1669714233;075508;1669714234;057307
31076;1669714235;602012;1669714235;635478
30158;1669714236;266389;1669714237;125057
29856;1669714237;731888;1669714238;954139
30024;1669714240;056563;1669714240;625275
29972;1669714241;860093;1669714243;709629
29920;1669714245;352880;1669714247;659625
29980;1669714248;845124;1669714250;403097
28000;1669714254;882298;1669714257;936252
33635;1669714260;850036;1669714261;519681
33387;1669714265;812362;1669714265;949754
33240;1669714266;652044;1669714267;654337
32897;1669714268;253812;1669714269;308467
33155;1669714270;001923;1669714271;028491
33401;1669714273;291662;1669714274;394993
30588;1669714275;860586;1669714276;220138
29403;1669714277;942696;1669714278;006621
30423;1669714279;378630;1669714280;040842
30124;1669714281;707974;1669714282;802298
29953;1669714283;861278;1669714284;251619
30097;1669714287;678646;1669714287;814539
30014;1669714289;151402;1669714289;389479
30140;1669714292;490241;1669714293;023277
30094;1669714293;679737;1669714294;384836
30044;1669714295;034277;1669714295;453817
29952;1669714296;157887;1669714296;665756
30004;1669714297;446056;1669714297;984800
29997;1669714298;714091;1669714299;105357
30009;1669714299;998354;1669714300;387072
29922;1669714301;277224;1669714301;844849
29957;1669714305;597756;1669714305;803415
30052;1669714306;890645;1669714306;897009
29976;1669714307;827448;1669714308;043269
30081;1669714309;110402;1669714309;1464
29927;1669714311;371034;1669714313;599003
29924;1669714317;600200;1669714317;782509
30069;1669714321;770912;1669714323;515287
30039;1669714324;623717;1669714325;066362
30039;1669714326;275341;1669714326;321174
30024;1669714327;678457;1669714327;964996
30070;1669714329;446087;1669714329;675077
30030;1669714331;543175;1669714331;561239
30033;1669714332;243223;1669714333;267959
30049;1669714334;079023;1669714335;072526
30023;1669714336;144517;1669714337;079300
29892;1669714338;054530;1669714338;276700
30062;1669714339;490757;1669714339;683867
30071;1669714340;936091;1669714341;028886
29950;1669714341;675631;1669714342;958658
29944;1669714343;601225;1669714344;284986
29991;1669714344;928114;1669714345;515736
29985;1669714346;389819;1669714346;800005
30039;1669714347;818135;1669714347;994448
30040;1669714349;092906;1669714349;390045
29987;1669714350;531317;1669714350;566706
30011;1669714351;828849;1669714352;248805
29950;1669714353;086416;1669714353;400696
30034;1669714354;528387;1669714354;599644
30001;1669714355;238852;1669714355;830394
30040;1669714356;517511;1669714357;414318
30074;1669714358;115333;1669714358;938262
30101;1669714359;691430;1669714360;912615
30081;1669714361;808414;1669714363;343598
29986;1669714364;632206;1669714365;080564
29946;1669714366;704347;1669714366;816501
30014;1669714368;150016;1669714368;424378
30133;1669714369;765471;1669714369;863826
30015;1669714373;400636;1669714374;003635
29846;1669714377;557465;1669714377;601027
30030;1669714378;879603;1669714379;016008
30008;1669714380;593011;1669714380;686392
29998;1669714382;050390;1669714382;391158
30160;1669714383;466140;1669714383;635671
30076;1669714384;915234;1669714384;991511
30102;1669714386;348190;1669714386;450656
30073;1669714387;651105;1669714387;941844
30093;1669714389;065401;1669714389;139157
30130;1669714389;783726;1669714390;781364
30097;1669714391;385049;1669714392;408239
29998;1669714393;060767;1669714393;571088
30098;1669714394;340927;1669714395;075822
30085;1669714395;790027;1669714396;479416
30139;1669714400;264499;1669714400;626158
30173;1669714401;724465;1669714402;049124
30117;1669714403;137071;1669714403;307237
30117;1669714403;856777;1669714404;482558
29984;1669714405;132555;1669714405;694139
30062;1669714406;502748;1669714406;704557
29945;1669714407;777953;1669714408;021307
29987;1669714408;889091;1669714409;099249
30036;1669714409;773092;1669714410;318491
29999;1669714410;883005;1669714411;447538
29983;1669714412;096784;1669714412;726063
29879;1669714413;535567;1669714413;886731
29983;1669714414;819602;1669714415;499739
36785;1669714416;421189;1669714416;841161
32269;1669714417;860766;1669714418;344181
33463;1669714419;450175;1669714419;696348
33322;1669714420;886621;1669714421;245878
32470;1669714422;9792;1669714424;202920
31846;1669714425;537351;1669714425;873693
31782;1669714427;442633;1669714428;177690
32304;1669714429;360057;1669714429;553197
32095;1669714433;204468;1669714433;725826
31963;1669714435;116229;1669714435;500097
30719;1669714436;884989;1669714437;176174
31576;1669714438;803957;1669714438;934868
31212;1669714440;585485;1669714441;414950
29161;1669714443;722183;1669714444;918144
30230;1669714447;191799;1669714447;897878
30164;1669714449;544652;1669714450;154107
30162;1669714454;044373;1669714455;443782
30042;1669714456;381957;1669714458;100093
30082;1669714458;705225;1669714459;669767
30082;1669714464;003307;1669714464;183112
30135;1669714466;003396;1669714466;125682
30236;1669714468;27198;1669714468;373035
30101;1669714476;211436;1669714476;364609
30174;1669714478;321418;1669714479;527560
32853;1669714481;952016;1669714485;676058
31532;1669714486;374096;1669714487;483273
31271;1669714488;131541;1669714489;728904
31133;1669714490;364019;1669714492;571383
30994;1669714493;258721;1669714494;303674
31785;1669714495;260944;1669714496;013147
31657;1669714499;258816;1669714500;188055
31702;1669714500;932671;1669714502;573695
31549;1669714503;200974;1669714504;258808
31337;1669714504;916351;1669714505;710515
31470;1669714507;593863;1669714507;763914
31166;1669714509;360355;1669714509;585388
31107;1669714511;399061;1669714513;421877
31105;1669714514;031116;1669714515;154821
30929;1669714515;880807;1669714516;812905
31204;1669714517;985836;1669714518;572631
31171;1669714521;642112;1669714523;351331
31203;1669714524;378556;1669714525;723169
31187;1669714526;365243;1669714527;695483
31127;1669714528;265421;1669714529;257003
31179;1669714529;888705;1669714531;177778
31003;1669714531;825765;1669714533;427625
31319;1669714534;034217;1669714534;753588
31274;1669714535;297633;1669714535;845951
31386;1669714536;418209;1669714537;037919
31187;1669714537;712008;1669714538;458498
31137;1669714541;966812;1669714542;264404
31171;1669714543;60395;1669714543;850498
31020;1669714546;102361;1669714548;108063
31121;1669714548;733678;1669714549;854382
31120;1669714553;448578;1669714553;529852
32627;1669714554;178473;1669714555;012110
32081;1669714555;615067;1669714556;344980
32347;1669714557;058583;1669714557;717587
32329;1669714561;455330;1669714561;795573
32019;1669714562;536060;1669714563;289055
31975;1669714563;945933;1669714565;200552
31916;1669714566;097572;1669714566;918534
31772;1669714568;000098;1669714568;820768
31808;1669714570;082185;1669714570;823616
31812;1669714571;453344;1669714573;094732
31597;1669714573;702874;1669714574;633174
31209;1669714577;700027;1669714578;854256
32213;1669714579;677424;1669714580;33125
32210;1669714581;756614;1669714582;297474
31923;1669714585;780970;1669714586;781084
32108;1669714593;801153;1669714595;515353
31707;1669714596;234984;1669714597;952884
31764;1669714598;949086;1669714604;346413
30378;1669714606;377189;1669714612;582015
31564;1669714614;229491;1669714614;470203
31427;1669714616;651049;1669714616;805751
31652;1669714623;498306;1669714629;156478
32139;1669714629;820184;1669714630;692333
31941;1669714632;000156;1669714632;082971
31762;1669714633;408006;1669714633;481466
31722;1669714634;845891;1669714634;914743
31703;1669714636;285544;1669714636;373413
31677;1669714637;013909;1669714638;378437
31720;1669714644;039682;1669714645;210919
31332;1669714645;808010;1669714646;506134
31273;1669714648;129728;1669714648;234873
31444;1669714648;846691;1669714650;187380
31759;1669714653;398023;1669714654;441650
31594;1669714655;799177;1669714656;444758
31990;1669714656;997140;1669714657;592325
31672;1669714661;873073;1669714662;091484
31675;1669714662;762334;1669714663;870561
31639;1669714664;506703;1669714665;598492
31578;1669714669;255718;1669714675;021395
31639;1669714675;758937;1669714681;125344
31662;1669714684;60194;1669714685;685823
31616;1669714686;266459;1669714688;004023
31571;1669714688;661852;1669714689;864576
31545;1669714694;019428;1669714695;872631
29700;1669714696;490085;1669714697;66324
29595;1669714700;741803;1669714702;316920
29625;1669714703;940618;1669714704;287863
29737;1669714705;843426;1669714706;196738
29782;1669714707;772039;1669714708;566156
29713;1669714710;179388;1669714710;809530
29669;1669714711;568697;1669714713;417779
29684;1669714714;093040;1669714715;554177
29729;1669714716;251129;1669714717;517184
29731;1669714718;322453;1669714718;955712
29734;1669714720;242837;1669714720;876577
29678;1669714721;638096;1669714722;563867
29709;1669714723;749402;1669714723;797998
29697;1669714724;475476;1669714727;644842
29711;1669714728;309595;1669714728;848868
29663;1669714729;428883;1669714729;888400
29778;1669714730;545998;1669714731;993604
29664;1669714732;701146;1669714733;189669
29767;1669714733;984399;1669714734;282003
29646;1669714735;312013;1669714735;635563
29597;1669714736;560565;1669714738;095098
29712;1669714738;942061;1669714739;281815
29653;1669714740;231355;1669714740;500864
29671;1669714741;50795;1669714741;971726
29684;1669714742;779859;1669714743;015901
29631;1669714744;055574;1669714744;263295
29743;1669714745;181799;1669714745;459825
29617;1669714746;460516;1669714746;628062
29629;1669714748;051718;1669714748;391854
29497;1669714749;132475;1669714749;744619
29657;1669714750;382179;1669714750;797920
29777;1669714751;370921;1669714751;888898
29713;1669714752;535422;1669714752;951475
29649;1669714753;812865;1669714754;082311
29651;1669714755;094472;1669714755;131892
29616;1669714755;894859;1669714756;209833
29547;1669714757;008987;1669714757;166618
29741;1669714757;741312;1669714758;216509
29629;1669714758;853887;1669714759;314813
29720;1669714759;974282;1669714760;412189
29662;1669714761;099428;1669714761;767849
29607;1669714762;388449;1669714763;024378
29597;1669714763;655584;1669714764;068117
29671;1669714764;685055;1669714765;058334
29693;1669714765;807488;1669714766;169906
29638;1669714766;933539;1669714767;596267
29704;1669714768;361168;1669714768;531859
29641;1669714769;509307;1669714769;869400
29709;1669714772;996638;1669714773;201541
29681;1669714774;117202;1669714774;278951
29671;1669714775;397338;1669714775;402552
29635;1669714778;12091;1669714779;052275
29680;1669714779;642736;1669714780;095738
29259;1669714781;322062;1669714781;399144
29527;1669714782;434471;1669714782;478275
29601;1669714783;172177;1669714783;725190
29598;1669714784;290376;1669714784;906143
29554;1669714785;635028;1669714785;966474
29548;1669714786;752023;1669714787;132933
29634;1669714787;871947;1669714788;485250
29606;1669714789;313004;1669714789;596081
29606;1669714791;558649;1669714791;610460
29484;1669714792;524581;1669714792;782658
29393;1669714793;795629;1669714793;978904
29361;1669714794;688019;1669714795;328143
29456;1669714795;953718;1669714796;460183
29405;1669714797;080687;1669714797;545616
29351;1669714798;198437;1669714798;628378
29344;1669714799;313712;1669714799;792961
29288;1669714800;433156;1669714800;871985
29329;1669714801;550351;1669714802;008548
29311;1669714802;745212;1669714803;092351
29352;1669714803;864093;1669714804;262217
29341;1669714804;983429;1669714805;362983
29151;1669714806;102051;1669714806;468291
29457;1669714807;221975;1669714807;656673
29465;1669714808;337865;1669714808;736748
29376;1669714809;460900;1669714809;818373
29429;1669714810;681935;1669714811;489754
29452;1669714812;340133;1669714812;5235